Training data:
Graph Name: Barabasi Albert Graph
# of nodes: 100 - Epochs: 120 - Hidden Layers: 32 - Learning Rate: 0.001
Mean Squared Error (MSE): 0.0574
Mean Absolute Error (MAE): 0.1932
R^2 Score: 0.6414
Explained Variance Score: 0.6673
Predicted Labels: 
[0.9990491  0.87842333 0.86575824 0.13931778 0.9983323  0.19340554
 0.45935768 0.9639738  0.7916298  0.8508265  0.3020081  0.18443906
 0.44536352 0.13931778 0.84132445 0.65494215 0.19334827 0.13931778
 0.1273712  0.73233336 0.13841733 0.6755081  0.66344404 0.18443906
 0.19340554 0.19340554 0.19340554 0.43121693 0.1273712  0.13931778
 0.13931778 0.13931778 0.43384552 0.16072543 0.6770555  0.18443906
 0.20972262 0.1273712  0.13931778 0.16319442 0.10657783 0.09918998
 0.18443906 0.09918998 0.1273712  0.13931778 0.6130476  0.33696297
 0.27658033 0.08699092 0.18443906 0.13841733 0.1787267  0.09918998
 0.13931778 0.18725185 0.18323237 0.07803405 0.13931778 0.13931778
 0.33696297 0.09268647 0.40015665 0.26330358 0.14123291 0.6669218
 0.07892764 0.43673474 0.08734274 0.1273712  0.08448687 0.07892764
 0.13841733 0.19340554 0.16072543 0.24213313 0.11857821 0.13931778
 0.18443906 0.26330358 0.07892764 0.07803405 0.18323237 0.07803405
 0.07892764 0.16072543 0.1336497  0.11545487 0.13841733 0.10840598
 0.10561749 0.13841733 0.09268647 0.14520906 0.10657783 0.13841733
 0.10561749 0.08126764 0.24213313 0.13841733]